-----stack------
0
37
13
1
6779624
7864440
0
0
0
0
0
0
0
0
0
0
-----stack------
-----stack------
0
37
13
1
6779624
7864440
0
0
0
0
0
0
0
0
0
0
-----stack------
-----stack------
0
37
13
1
6779624
7864440
0
0
0
0
0
0
0
0
0
0
-----stack------
-----stack------
0
37
13
1
6779624
7864440
0
0
7864420
0
0
0
0
0
0
0
-----stack------
-----stack------
0
37
13
1
6779624
7864440
0
0
7864420
0
0
0
0
0
0
0
-----stack------
-----stack------
0
37
13
1
6779624
7864440
0
199532
7864420
0
0
0
0
0
0
0
-----stack------
-----stack------
0
37
13
1
6779624
7864440
0
199532
6856144
0
0
0
0
0
0
0
-----stack------
-----stack------
0
37
13
1
6779624
7864440
0
199532
6856144
7864424
0
0
0
0
0
0
-----stack------
-----stack------
0
37
13
1
6779624
7864440
0
199532
6856144
7864424
0
0
0
0
0
0
-----stack------
-----stack------
0
37
13
1
6779624
7864440
0
199532
6856144
7864424
0
7864408
0
0
0
0
-----stack------
-----stack------
0
37
13
1
6779624
7864440
0
199532
6856144
7864424
0
7864408
0
0
0
0
-----stack------
-----stack------
0
37
13
1
6779624
7864440
0
199532
6856144
7864424
32
7864408
0
0
0
0
-----stack------
-----stack------
0
37
13
1
6779624
7864440
0
199532
6856144
7864424
32
7864408
0
0
0
0
-----stack------
-----stack------
0
37
13
1
6779624
7864440
0
199532
6856144
7864424
32
7864408
0
0
0
0
-----stack------
-----stack------
0
37
13
1
6779624
32
0
199532
6856144
7864424
32
7864408
0
0
0
0
-----stack------

LEA,IMM,JMP,CALL,JZ,JNZ,ENT,ADJ,LEV,LI,LC,SI,SC,PUSH,
0    1   2   3    4  5   6   7   8   9 10 11 12  13      
OR,XOR,AND,EQ,NE,LT,GT,LE,GE,SHL,SHR,ADD,SUB,MUL,DIV,MOD,
14 15  16  17 18 19 20 21 22 23  24  25  26  27   28  29

OPEN,READ,CLOS,PRTF,MALC,MSET,MCMP,EXIT
30    31   32   33   34  35    36  37


0	LEA
6	ENT
2	JMP
0	<0,address>
-2	-2
13	PUSH
1	IMM
32	32
11	SI
8	LEV
6
1
0
-1
13
1
199532
11
8
0
0